failed=[54 60 113 341 432]